1775
1800
4175
4200
4750
4775
4900
4950
4975
5000
5025
5100
5225
5250
5400
5425
5500
5525
5975
6425
6450
6500
6525
6550
6875
7225
7250
7275
7700
7725
7750
8800
8850
8875
8900
8925
9100
9125
9150
9175
9200
9250
9275
9300
9350
9375
9400
9425
9450
9500
9525
9550
9575
9600
10475
10800
10825
10850
10975
11000
11475
11500
11600
11625
13475
13500
13775
13850
22300
22325
22350
22375
22625
22650
22975
23000
23050
23075
29150
29175
29200
29225
29250
29275
29300
29325
29350
29375
29550
30375
30400
30650
30675
30800
30900
30925
31000
31025
31100
31125
31150
31175
31200
31225
31250
31275
31300
31325
31675
31700
36500
36525
36550
36575
36625
36650
36675
38100
38125
38175
38200
38250
38275
38600
38625
38875
39325
39350
45000
45025
46175
46200
46225
46250
47800
47825
47850
48025
48050
48075
75
7000
7025
7050
7075
7100
7125
7675
7700
7725
8175
8425
8450
8775
8800
8825
8850
8875
9500
9525
9550
9575
9675
16525
16550
16575
20025
20050
26250
26425
26450
26825
26850
30250
30275
30375
30450
30475
30500
30575
30600
30675
30700
30725
30750
30775
31550
31575
32125
32150
32450
32475
33975
7250
7275
9100
9125
9425
9525
9675
9775
9800
13225
13250
13550
13600
13700
13725
13825
13850
14275
14300
14350
14375
14400
14950
14975
15000
15450
15475
15500
19800
19825
19850
19875
19900
19925
19950
19975
20000
20025
20050
20075
20100
20125
20150
20175
20200
21000
21025
21200
21225
21250
21275
21375
21400
21500
21525
21775
21800
21900
22025
22050
22075
25075
25375
25400
35100
40750
40775
40800
40825
41100
41125
41350
41375
41525
43450
43475
43875
43900
44375
44400
44425
44550
44600
44625
44650
44675
44700
44750
44775
44800
45325
45350
50
350
375
400
425
850
900
925
1850
2325
2350
2425
2450
2500
2525
2550
2875
2900
3075
3100
9100
9125
9150
9800
9850
9875
10475
10875
10900
10975
11000
11150
11175
11200
11350
18325
18375
18400
18975
19050
19075
19100
19700
19725
19750
20200
20225
20475
20500
20525
20850
20875
20900
20925
21625
21650
21675
21800
21825
28850
28875
40000
40025
40200
44325
44350
44375
44425
44450
44550
44575
44600
45375
45400
45975
46000
46275
46300
46325
14900
14925
14950
14975
15025
15050
21825
22050
22600
26000
35775
35800
36000
36025
36400
36425
36450
36475
36500
44650
45000
45025
45450
45475
150
175
200
250
275
300
3475
3500
3600
3625
3650
3675
3700
4450
4475
4525
4550
4925
4950
5125
5300
5325
5350
5375
5500
5525
5550
5575
5600
5625
5825
5850
7050
7075
7525
7550
7575
7600
7625
7650
7725
7750
7775
7800
8175
8200
9125
9150
9300
9325
13350
13375
13475
14900
14925
14950
15300
15375
16075
16175
16200
35900
35925
35950
39225
39250
39975
40000
40900
41600
1125
1150
4500
4525
5050
5150
5175
5275
5300
5500
5525
6450
6575
7575
7600
7625
7650
7725
7750
7775
7800
7825
7850
7875
8475
8500
8525
8550
8575
8600
8625
8650
8675
8700
8800
8825
8850
8875
8900
8950
8975
9000
9025
9050
9100
9125
9150
10450
10475
10725
10750
10775
10800
11225
11375
18925
19000
19050
19075
19100
19125
19275
19300
26500
26525
26550
26675
26700
27200
27225
27800
27825
28125
28150
28175
28200
28225
28550
28575
28775
30525
30550
30900
32050
32075
32100
41050
42325
42350
44775
4075
4100
4800
4825
4850
4875
4900
5000
5025
5050
5150
5175
5200
5275
5300
12525
12550
12625
13375
13875
13900
14100
14125
14150
14175
14575
14600
14650
15500
15525
15600
15625
15800
15825
26700
26725
26750
32625
32650
32675
32700
37725
37750
37900
38025
38050
38075
38150
38175
38300
38325
38350
38375
38400
39125
39150
39750
39775
40050
40075
40100
42025
3300
5800
5825
6075
6100
6900
7250
7275
7300
8025
8050
8100
8125
9025
9050
9075
9100
9125
9150
9175
9200
9225
9250
9275
9300
9625
9650
9675
9700
9750
9775
9800
9825
9850
9925
9950
9975
10000
10025
10050
10075
10100
10125
10150
10175
10200
10225
10250
10275
10300
10350
11825
11850
12300
12325
12675
12700
14100
14150
14175
14400
14425
23625
23650
23675
23775
23800
23825
24175
24200
24250
24275
24300
24825
24850
31100
31125
31400
31425
31825
31850
31950
31975
32050
32075
32100
32150
32175
32575
36850
36875
36975
37000
37025
37050
37950
38025
38050
38450
38475
38800
38825
38850
38975
39000
39025
39050
39075
39100
39325
39350
39375
39400
39425
39450
39475
39500
39700
39725
45550
45900
45925
46375
46400
46600
46650
46675
46725
46750
46875
46900
47000
47025
47100
47125
47300
47325
47350
47400
4625
5850
6425
6500
6525
7250
7275
8125
8150
8525
8550
8575
9375
9400
26675
26700
26725
30500
30750
30850
32625
32975
33000
33025
850
875
3150
4800
4825
4925
4950
5075
5275
5450
6175
6250
6275
6475
6775
6800
7050
7075
7100
7125
7150
7175
7200
7225
7250
7275
7300
7925
7975
8000
8025
8050
8075
8100
8125
8150
8175
8200
8250
8275
8300
8325
8350
8375
8400
8425
8450
8475
8500
8525
8550
8575
8600
10525
10550
10575
10600
11275
11300
19300
19325
19375
19400
19425
19450
19475
19500
19625
19650
19725
19750
19800
19825
19900
20125
20175
20200
20250
20300
20325
20350
20400
20750
20775
20800
20825
21050
21075
21100
26325
26350
26400
26425
26450
26475
26500
26875
26900
26950
26975
27000
28925
28950
28975
29000
29025
29050
29075
29150
29175
29200
29225
29250
29325
29350
30750
30775
30800
31150
31175
31675
31700
31725
31750
31775
31825
31850
31875
31925
31950
31975
32000
32050
32075
32100
32125
32150
32825
32850
36125
36300
36325
36350
36375
37450
37475
37575
38075
38100
38250
38275
38300
38325
38375
38400
38850
38950
38975
44375
44400
44750
44775
44800
44825
44850
44875
45525
45550
45575
45600
46600
46650
46675
46725
46750
46775
46900
46925
46950
47100
47125
4325
4825
4875
6300
6400
7050
7075
7800
7825
7850
8225
8250
8325
9150
9175
9225
9250
9275
9300
9400
9425
10825
825
850
2625
2650
2800
3000
3075
3175
3200
3950
3975
4025
4050
4075
4100
4125
4250
4275
4500
4525
4650
4675
4850
5025
5250
5500
5525
5625
5650
6000
6475
6500
6675
6700
6725
6750
6775
6800
6825
6850
6875
6900
6925
6950
6975
7000
7025
8800
8825
8850
8875
8900
8925
9025
9050
9075
9100
9125
9150
9175
9200
9225
9250
9300
9325
9350
9375
9400
9425
9450
9500
9525
9550
9575
9600
10625
10650
10775
10800
10825
10850
11125
11150
11375
11400
11550
11575
11600
11625
11750
11775
11850
11875
11900
11925
11950
11975
12000
12075
12100
12250
12275
12300
12400
12425
12450
13250
13275
13300
13350
13375
13500
13525
13550
13700
13725
13750
13800
13825
13850
13900
13975
14000
14275
14300
14325
14450
14475
14500
14550
14575
14950
14975
15300
25625
25650
25675
25700
25725
25750
25775
25800
25825
25900
26175
26200
26250
26275
30525
30550
30575
30600
30625
30650
30675
30800
30825
30875
30900
31000
31125
31150
32675
32700
32725
33050
33075
33550
33575
33600
33625
33725
33825
33850
33875
33900
33950
33975
34000
34025
34700
34725
36475
36500
36525
36625
36650
36875
36900
37025
37050
37075
37100
37125
37975
38000
38025
38075
38100
38500
38525
38700
38725
38750
38775
38825
38850
39125
39150
39175
39200
39400
39425
39850
39875
39900
39925
40100
40125
40150
40175
40675
40700
40725
47575
425
1950
2025
2050
2075
2675
2700
3175
3200
3425
3450
3500
3525
3825
3850
3875
3900
3925
4725
4750
4775
4800
4825
4850
4975
5000
7750
20775
20800
22775
24525
25100
25150
25175
25200
25725
25900
25925
25950
26450
26475
26500
26775
26800
28200
28225
28550
